9705869879
8500168970
9705869879
8500168970
8008151515
8885516613
9010239679
9441771355
9393004008
9059848546
9440102432
7036424344
8885526026
9440881276
9000626326
9949233424
9848011143
8328069090
7013343653
8555901672
9866572607
9989631299
9030055646
8555907648
9949196557
8340903276
9550885368
9700691291
9502538677
9908832132
8885525025
9030002537
9949877566
9032230411
9849264002
9059848546
8500005606
9100946880
9705823111
8142901901
6301121766
9640465556
9100990239
9550555683
8019957556
9030422335
9989210664
9494346064
9666860000
8688464847
7386999952
8885330919
9000626326
8886540000
8008151515
8500168970
9052198143
9951528825
9849960898
9849960898
8328611150
8328069090
9502538677
9440881276
9989595659
9132169169
9908353937
8008851995
8184868989
9505144777